40
40
40
40
40
40
40
40
40
40
40
40
40
40
40
40
40
40
40
40
40
40
40
40
40
40
40
40
40
40
40
40
40
40
40
40
40
40
40
40
40
40
40
40
40
40
40
40
40
40
40
40
40
40
40
40
40
40
40
40
40
40
40
40
40
40
40
40
40
40
40
40
40
40
40
40
40
40
40
40
40
40
40
40
40
40
40
40
40
40
40
40
40
40
40
40
40
40
40
40
40
40
40
40
40
40
40
40
40
40
40
40
40
40
40
40
40
40
40
40
40
40
40
40
40
40
40
40
40
40
40
40
40
40
40
40
40
40
40
40
40
40
40
40
40
40
40
40
40
40
40
40
40
40
40
40
40
40
40
40
40
40
40
40
40
40
40
40
40
40
40
40
40
40
40
40
40
40
40
40
40
40
40
40
40
40
40
40
40
40
40
40
40
40
40
40
40
40
40
40
40
40
40
40
40
40
40
40
40
40
40
40
40
40
40
40
40
40
40
40
40
40
40
40
40
40
40
40
40
40
40
40
40
40
40
40
40
40
40
40
40
40
40
40
40
40
40
40
40
40
40
40
40
40
40
40
40
40
40
40
40
40
40
40
40
40
40
40
40
40
40
40
40
40
40
40
40
40
40
40
40
40
40
40
40
40
40
40
40
40
40
40
40
40
40
40
40
40
40
40
40
40
40
40
40
40
40
40
40
40
40
40
40
40
40
40
40
40
40
40
40
40
40
40
40
40
40
40
40
40
40
40
40
40
40
40
40
40
40
40
40
40
40
40
40
40
40
40
40
40
40
40
40
40
40
40
40
40
40
40
40
40
40
40
40
40
40
40
40
40
40
40
40
40
40
40
40
40
40
40
40
40
40
40
40
40
40
40
40
40
40
40
40
40
40
40
40
40
40
40
40
40
40
40
40
40
40
40
40
40
40
40
40
40
40
40
40
40
40
40
40
40
40
40
40
40
40
40
40
40
40
40
40
40
40
40
40
40
40
40
40
40
40
40
40
40
40
40
40
40
40
40
40
40
40
40
40
40
40
40
40
40
40
40
40
40
40
40
40
40
40
40
40
40
40
40
40
40
40
40
40
40
40
40
40
40
40
40
40
40
40
40
40
40
40
40
40
40
40
40
40
40
40
40
40
40
40
40
40
40
40
40
40
40
40
40
40
40
40
40
40
40
40
40
40
40
40
40
40
40
40
40
40
40
40
40
40
40
40
40
40
40
40
40
40
40
40
40
40
40
40
40
40
40
40
40
40
40
40
40
40
40
40
40
40
40
40
40
40
40
40
40
40
40
40
40
40
40
40
40
40
40
40
40
40
40
40
40
40
40
40
40
40
40
40
40
40
40
40
40
40
40
40
40
40
40
40
40
40
40
40
40
40
40
40
40
40
40
40
40
40
40
40
40
40
40
40
40
40
40
40
40
40
40
40
40
40
40
40
40
40
40
40
40
40
40
40
40
40
40
40
40
40
40
40
40
40
40
40
40
40
40
40
40
40
40
40
40
40
40
40
40
40
40
40
40
40
40
40
40
40
40
40
40
40
40
40
40
40
40
40
40
40
40
40
40
40
40
40
40
40
40
40
40
40
40
40
40
40
40
40
40
40
40
40
40
40
40
40
40
40
40
40
40
40
40
40
40
40
40
40
40
40
40
40
40
40
40
40
40
40
40
40
40
40
40
40
40
40
40
40
40
40
40
40
40
40
40
40
40
40
40
40
40
40
40
40
40
40
40
40
40
40
40
40
40
40
40
40
40
40
40
40
40
40
40
40
40
40
40
40
40
40
40
40
40
40
40
40
40
40
40
40
40
40
40
40
40
40
40
40
40
40
40
40
40
40
40
40
40
40
40
40
40
40
40
40
40
40
40
40
40
40
40
40
40
40
40
40
40
40
40
40
40
40
40
40
40
40
40
40
40
40
40
40
40
40
40
40
40
40
40
40
40
40
40
40
40
40
40
40
40
40
40
40
40
40
40
40
40
40
40
40
40
40
40
40
40
40
40
40
40
40
40
40
40
40
40
40
40
40
40
40
40
40
40
40
40
40
40
40
40
40
40
40
40
40
40
40
40
40
40
40
40
40
40
40
40
40
40
40
40
40
40
40
40
40
40
40
40
40
40
40
40
40
40
40
40
40
40
40
40
40
40
40
40
40
40
40
40
40
40
40
40
40
40
40
40
40
40
40
40
40
40
40
40
40
40
40
40
40
40
40
40
40
40
40
40
40
40
40
40
40
40
40
40
40
40
40
40
40
40
40
40
40
40
40
40
40
40
40
40
40
40
40
40
40
40
40
40
40
40
40
40
40
40
40
40
40
40
40
40
40
40
40
40
40
40
40
40
40
40
40
40
40
40
40
40
40
40
40
40
40
40
40
40
40
40
40
40
40
40
40
40
40
40
40
40
40
40
40
40
40
40
40
40
40
40
40
40
40
40
40
40
40
40
40
40
40
40
40
40
40
40
40
40
40
40
40
40
40
40
40
40
40
40
40
40
40
40
40
40
40
40
40
40
40
40
40
40
40
40
40
40
40
40
40
40
40
40
40
40
40
40
40
40
40
40
40
40
40
40
40
40
40
40
40
40
40
40
40
40
40
40
40
40
40
40
40
40
40
40
40
40
40
40
40
40
40
40
40
40
40
40
40
40
40
40
40
40
40
40
40
40
40
40
40
40
40
40
40
40
40
40
40
40
40
40
40
40
40
40
40
40
40
40
40
40
40
40
40
40
40
40
40
40
40
40
40
40
40
40
40
40
40
40
40
40
40
40
40
40
40
40
40
40
40
40
40
40
40
40
40
40
40
40
40
40
40
40
40
40
40
40
40
40
40
40
40
40
40
40
40
40
40
40
40
40
40
40
40
40
40
40
40
40
40
40
40
40
40
40
40
40
40
40
40
40
40
40
40
40
40
40
40
40
40
40
40
40
40
40
40
40
40
40
40
40
40
40
40
40
40
40
40
40
40
40
40
40
40
40
40
40
40
40
40
40
40
40
40
40
40
40
40
40
40
40
40
40
40
40
40
40
40
40
40
40
40
40
40
40
40
40
40
40
40
40
40
40
40
40
40
40
40
40
40
40
40
40
40
40
40
40
40
40
40
40
40
40
40
40
40
40
40
40
40
40
40
40
40
40
40
40
40
40
40
40
40
40
40
40
40
40
40
40
40
40
40
40
40
40
40
40
40
40
40
40
40
40
40
40
40
40
40
40
40
40
40
40
40
40
40
40
40
40
40
40
40
40
40
40
40
40
40
40
40
40
40
40
40
40
40
40
40
40
40
40
40
40
40
40
40
40
40
40
40
40
40
40
40
40
40
40
40
40
40
40
40
40
40
40
40
40
40
40
40
40
40
40
40
40
40
40
40
40
40
40
40
40
40
40
40
40
40
40
40
40
40
40
40
40
40
40
40
40
40
40
40
40
40
40
40
40
40
40
40
40
40
40
40
40
40
40
40
40
40
40
40
40
40
40
40
40
40
40
40
40
40
40
40
40
40
40
40
40
40
40
40
40
40
40
40
40
40
40
40
40
40
40
40
40
40
40
40
40
40
40
40
40
40
40
40
40
40
40
40
40
40
40
40
40
40
40
40
40
40
40
40
40
40
40
40
40
40
40
40
40
40
40
40
40
40
40
40
40
40
40
40
40
40
40
40
40
40
40
40
40
40
40
40
40
40
40
40
40
40
40
40
40
40
40
40
40
40
40
40
40
40
40
40
40
40
40
40
40
40
40
40
40
40
40
40
40
40
40
40
40
40
40
40
40
40
40
40
40
40
40
40
40
40
40
40
40
40
40
40
40
40
40
40
40
40
40
40
40
40
40
40
40
40
40
40
40
40
40
40
40
40
40
40
40
40
40
40
40
40
40
40
40
40
40
40
40
40
40
40
40
40
40
40
40
40
40
40
40
40
40
40
40
40
40
40
40
40
40
40
40
40
40
40
40
40
40
40
40
40
40
40
40
40
40
40
40
40
40
40
40
40
40
40
39.9998
39.999
39.997
39.9936
39.9888
39.9825
39.9748
39.9657
39.9552
39.9433
39.93
39.9153
39.8992
39.8817
39.8629
39.8427
39.821
39.798
39.7737
39.7479
39.7208
39.6923
39.6625
39.6313
39.5988
39.5649
39.5296
39.4931
39.4552
39.4159
39.3754
39.3335
39.2903
39.2458
39.2
39.1529
39.1045
39.0548
39.0039
38.9516
38.8981
38.8434
38.7874
38.7302
38.6717
38.612
38.5511
38.4889
38.4256
38.3611
38.2953
38.2284
38.1604
38.0911
38.0207
37.9492
37.8765
37.8026
37.7277
37.6516
37.5745
37.4962
37.4169
37.3365
37.255
37.1725
37.0889
37.0043
36.9186
36.8319
36.7443
36.6556
36.5659
36.4753
36.3837
36.2911
36.1976
36.1031
36.0077
35.9114
35.8142
35.7161
35.6171
35.5172
35.4165
35.3149
35.2125
35.1092
35.0051
34.9002
34.7944
34.6879
34.5806
34.4725
34.3637
34.2541
34.1438
34.0327
33.921
33.8085
33.6953
33.5814
33.4669
33.3516
33.2358
33.1192
33.0021
32.8843
32.7659
32.6469
32.5272
32.407
32.2863
32.1649
32.043
31.9206
31.7976
31.6741
31.55
31.4255
31.3005
31.1749
31.0489
30.9225
30.7955
30.6681
30.5403
30.4121
30.2834
30.1543
30.0248
29.8949
29.7646
29.634
29.503
29.3716
29.2399
29.1078
28.9754
28.8427
28.7096
28.5763
28.4426
28.3087
28.1744
28.0399
27.9052
27.7701
27.6348
27.4993
27.3636
27.2276
27.0914
26.955
26.8184
26.6815
26.5445
26.40740
26.27
26.13250
25.99480
25.857
25.719
25.58090
25.44260
25.3043
25.1658
25.02720
24.88850
24.7497
24.61080
24.47180
24.33280
24.1937
24.0545
23.9153
23.776
23.6366
23.4973
23.3579
23.2185
23.079
22.9396
22.8001
22.6606
22.5212
22.3817
22.2423
22.1029
21.9636
21.8242
21.6849
21.5457
21.4065
21.2674
21.1283
20.9893
20.8504
20.7116
20.5728
20.4342
20.2956
20.1572
20.0188
19.8806
19.7425
19.6046
19.4667
19.329
19.1915
19.0541
18.9168
18.7798
18.6429
18.5061
18.3696
18.2332
18.097
17.961
17.8252
17.6896
17.5543
17.4191
17.2842
17.1495
17.015
16.8808
16.7468
16.6131
16.4797
16.3465
16.2135
16.0809
15.9485
15.8164
15.6846
15.5531
15.4219
15.291
15.1605
15.0302
14.9003
14.7707
14.6415
14.5126
14.384
14.2558
14.128
14.0006
13.8735
13.7468
13.6205
13.4946
13.369
13.2439
13.1192
12.995
12.8711
12.7477
12.6247
12.5022
12.3801
12.2584
12.1373
12.0166
11.8964
11.7766
11.6574
11.5386
11.4204
11.3026
11.1854
11.0687
10.9525
10.8369
10.7218
10.6072
10.4932
10.3798
10.2669
10.1547
10.043
9.93184
9.82132
9.7114
9.60209
9.49339
9.38532
9.27788
9.17107
9.06491
8.9594
8.85454
8.75035
8.64683
8.54398
8.44182
8.34035
8.23958
8.13951
8.04015
7.94152
7.8436
7.74642
7.64998
7.55428
7.45933
7.36514
7.27172
7.17907
7.0872
6.99611
6.90581
6.81632
6.72763
6.63975
6.55269
6.46645
6.38104
6.29648
6.21275
6.12988
6.04786
5.96671
5.88643
5.80702
5.7285
5.65086
5.57412
5.49827
5.42334
5.34931
5.27621
5.20403
5.13277
5.06246
4.99308
4.92465
4.85718
4.79066
4.72511
4.66053
4.59692
4.53429
4.47265
4.41199
4.35233
4.29368
4.23602
4.17938
4.12376
4.06915
4.01557
3.96302
3.9115
3.86102
3.81158
3.76319
3.71585
3.66957
3.62434
3.58018
3.53709
3.49507
3.45412
3.41425
3.37546
3.33776
3.30115
3.26563
3.2312
3.19787
3.16565
3.13453
3.10451
3.07561
3.04781
3.02114
2.99558
2.97113
2.94782
2.92562
2.90455
2.88461
2.8658
2.84812
2.83157
2.81616
2.80188
2.78874
2.77674
2.76588
2.75616
2.74758
2.74015
2.73385
2.7287
2.7247
2.72183
2.72012
2.7194
2.71929
2.71939
2.71949
2.71954
2.71956
2.71955
2.71955
2.71954
2.71954
2.71954
2.71954
2.71954
2.71954
2.71954
2.71954
2.71954
2.71954
2.71954
2.71954
2.71954
2.71954
2.71954
2.71954
2.71954
2.71954
2.71954
2.71954
2.71954
2.71954
2.71954
2.71954
2.71954
2.71954
2.71954
2.71954
2.71954
2.71954
2.71954
2.71954
2.71954
2.71954
2.71954
2.71954
2.71954
2.71954
2.71954
2.71954
2.71954
2.71954
2.71954
2.71954
2.71954
2.71954
2.71954
2.71954
2.71954
2.71954
2.71954
2.71954
2.71954
2.71954
2.71954
2.71954
2.71954
2.71954
2.71954
2.71954
2.71954
2.71954
2.71954
2.71954
2.71954
2.71954
2.71954
2.71954
2.71954
2.71954
2.71954
2.71954
2.71954
2.71954
2.71954
2.71954
2.71954
2.71954
2.71954
2.71954
2.71954
2.71954
2.71954
2.71954
2.71954
2.71954
2.71954
2.71954
2.71954
2.71954
2.71954
2.71954
2.71954
2.71954
2.71954
2.71954
2.71954
2.71954
2.71954
2.71954
2.71954
2.71954
2.71954
2.71954
2.71954
2.71954
2.71954
2.71954
2.71954
2.71954
2.71954
2.71954
2.71954
2.71954
2.71954
2.71954
2.71954
2.71954
2.71954
2.71954
2.71954
2.71954
2.71954
2.71954
2.71954
2.71954
2.71954
2.71954
2.71954
2.71954
2.71954
2.71954
2.71954
2.71954
2.71954
2.71954
2.71954
2.71954
2.71954
2.71954
2.71954
2.71954
2.71954
2.71954
2.71954
2.71954
2.71954
2.71954
2.71954
2.71954
2.71954
2.71954
2.71954
2.71954
2.71954
2.71954
2.71954
2.71954
2.71954
2.71954
2.71954
2.71954
2.71954
2.71954
2.71954
2.71954
2.71954
2.71954
2.71954
2.71954
2.71954
2.71954
2.71954
2.71954
2.71954
2.71954
2.71954
2.71954
2.71954
2.71954
2.71954
2.71954
2.71954
2.71954
2.71954
2.71954
2.71954
2.71954
2.71954
2.71954
2.71954
2.71954
2.71954
2.71954
2.71954
2.71954
2.71954
2.71954
2.71954
2.71954
2.71954
2.71954
2.71954
2.71954
2.71954
2.71954
2.71954
2.71954
2.71954
2.71954
2.71954
2.71954
2.71954
2.71954
2.71954
2.71954
2.71954
2.71954
2.71954
2.71954
2.71954
2.71954
2.71954
2.71954
2.71954
2.71954
2.71954
2.71954
2.71954
2.71954
2.71954
2.71954
2.71954
2.71954
2.71954
2.71954
2.71954
2.71954
2.71954
2.71954
2.71954
2.71954
2.71954
2.71954
2.71954
2.71954
2.71954
2.71954
2.71954
2.71954
2.71954
2.71954
2.71954
2.71954
2.71954
2.71954
2.71954
2.71954
2.71954
2.71954
2.71954
2.71954
2.71954
2.71954
2.71954
2.71954
2.71954
2.71954
2.71954
2.71954
2.71954
2.71954
2.71954
2.71954
2.71954
2.71954
2.71954
2.71954
2.71954
2.71954
2.71954
2.71954
2.71954
2.71954
2.71954
2.71954
2.71954
2.71954
2.71954
2.71954
2.71954
2.71954
2.71954
2.71954
2.71954
2.71954
2.71954
2.71954
2.71954
2.71954
2.71954
2.71954
2.71954
2.71954
2.71954
2.71954
2.71954
2.71954
2.71954
2.71954
2.71954
2.71954
2.71954
2.71954
2.71954
2.71954
2.71954
2.71954
2.71954
2.71954
2.71954
2.71954
2.71954
2.71954
2.71954
2.71954
2.71954
2.71954
2.71954
2.71954
2.71954
2.71954
2.71954
2.71954
2.71954
2.71954
2.71954
2.71954
2.71954
2.71954
2.71954
2.71954
2.71954
2.71954
2.71954
2.71954
2.71954
2.71954
2.71954
2.71954
2.71954
2.71954
2.71954
2.71954
2.71954
2.71954
2.71954
2.71954
2.71954
2.71954
2.71954
2.71954
2.71954
2.71954
2.71954
2.71954
2.71954
2.71954
2.71954
2.71954
2.71954
2.71954
2.71954
2.71954
2.71954
2.71954
2.71954
2.71954
2.71954
2.71954
2.71954
2.71954
2.71954
2.71954
2.71954
2.71954
2.71954
2.71954
2.71954
2.71954
2.71954
2.71954
2.71954
2.71954
2.71954
2.71954
2.71954
2.71954
2.71954
2.71954
2.71954
2.71954
2.71954
2.71954
2.71954
2.71954
2.71954
2.71954
2.71954
2.71954
2.71954
2.71954
2.71954
2.71954
2.71954
2.71954
2.71954
2.71954
2.71954
2.71954
2.71954
2.71954
2.71954
2.71954
2.71954
2.71954
2.71954
2.71954
2.71954
2.71954
2.71954
2.71954
2.71954
2.71954
2.71954
2.71954
2.71954
2.71954
2.71954
2.71954
2.71954
2.71954
2.71954
2.71954
2.71954
2.71954
2.71954
2.71954
2.71954
2.71954
2.71954
2.71954
2.71954
2.71954
2.71954
2.71954
2.71954
2.71954
2.71954
2.71954
2.71954
2.71954
2.71954
2.71954
2.71954
2.71954
2.71954
2.71954
2.71954
2.71954
2.71954
2.71954
2.71954
2.71954
2.71954
2.71954
2.71954
2.71954
2.71954
2.71954
2.71954
2.71954
2.71954
2.71954
2.71954
2.71954
2.71954
2.71954
2.71954
2.71954
2.71954
2.71954
2.71954
2.71954
2.71954
2.71954
2.71954
2.71954
2.71954
2.71954
2.71954
2.71954
2.71954
2.71954
2.71954
2.71954
2.71954
2.71954
2.71954
2.71954
2.71954
2.71954
2.71954
2.71954
2.71954
2.71954
2.71954
2.71954
2.71954
2.71954
2.71954
2.71954
2.71954
2.71954
2.71954
2.71954
2.71954
2.71954
2.71954
2.71954
2.71954
2.71954
2.71954
2.71954
2.71954
2.71954
2.71954
2.71954
2.71954
2.71954
2.71954
2.71954
2.71954
2.71954
2.71954
2.71954
2.71954
2.71954
2.71954
2.71954
2.71954
2.71954
2.71954
2.71954
2.71954
2.71954
2.71954
2.71954
2.71954
2.71954
2.71954
2.71954
2.71954
2.71954
2.71954
2.71954
2.71954
2.71954
2.71954
2.71954
2.71954
2.71954
2.71954
2.71954
2.71954
2.71954
2.71954
2.71954
2.71954
2.71954
2.71954
2.71954
2.71954
2.71954
2.71954
2.71954
2.71954
2.71954
2.71954
2.71954
2.71954
2.71954
2.71954
2.71954
2.71954
2.71954
2.71954
2.71954
2.71954
2.71954
2.71954
2.71954
2.71954
2.71954
2.71954
2.71954
2.71954
2.71954
2.71954
2.71954
2.71954
2.71954
2.71954
2.71954
2.71954
2.71954
2.71954
2.71954
2.71954
2.71954
2.71954
2.71954
2.71954
2.71954
2.71954
2.71954
2.71954
2.71954
2.71954
2.71954
2.71954
2.71954
2.71954
2.71954
2.71954
2.71954
2.71954
2.71954
2.71954
2.71954
2.71954
2.71954
2.71954
2.71954
2.71954
2.71954
2.71954
2.71954
2.71954
2.71954
2.71954
2.71954
2.71954
2.71954
2.71954
2.71954
2.71954
2.71954
2.71954
2.71954
2.71954
2.71954
2.71954
2.71954
2.71954
2.71954
2.71954
2.71954
2.71954
2.71954
2.71954
2.71954
2.71954
2.71954
2.71954
2.71954
2.71954
2.71954
2.71954
2.71954
2.71954
2.71954
2.71954
2.71954
2.71954
2.71954
2.71954
2.71954
2.71954
2.71954
2.71954
2.71954
2.71954
2.71954
2.71954
2.71954
2.71954
2.71954
2.71954
2.71954
2.71954
2.71954
2.71954
2.71954
2.71954
2.71954
2.71954
2.71954
2.71954
2.71954
2.71954
2.71954
2.71954
2.71954
2.71954
2.71954
2.71954
2.71954
2.71954
2.71954
2.71954
2.71954
2.71954
2.71954
2.71954
2.71954
2.71954
2.71954
2.71954
2.71954
2.71954
2.71954
2.71954
2.71954
2.71954
2.71954
2.71954
2.71954
2.71954
2.71954
2.71954
2.71954
2.71954
2.71954
2.71954
2.71954
2.71954
2.71954
2.71954
2.71954
2.71954
2.71954
2.71954
2.71954
2.71954
2.71954
2.71954
2.71954
2.71954
2.71954
2.71954
2.71954
2.71954
2.71954
2.71954
2.71954
2.71954
2.71954
2.71954
2.71954
2.71954
2.71954
2.71954
2.71954
2.71954
2.71954
2.71954
2.71954
2.71954
2.71954
2.71954
2.71954
2.71954
2.71954
2.71954
2.71954
2.71954
2.71954
2.71954
2.71954
2.71954
2.71954
2.71954
2.71954
2.71954
2.71954
2.71954
2.71954
2.71954
2.71954
2.71954
2.71954
2.71954
2.71954
2.71954
2.71954
2.71954
2.71954
2.71954
2.71954
2.71954
2.71954
2.71954
2.71954
2.71954
2.71954
2.71954
2.71954
2.71954
2.71954
2.71954
2.71954
2.71954
2.71954
2.71954
2.71954
2.71954
2.71954
2.71954
2.71954
2.71954
2.71954
2.71954
2.71954
2.71954
2.71954
2.71954
2.71954
2.71954
2.71954
2.71954
2.71954
2.71954
2.71954
2.71954
2.71954
2.71954
2.71954
2.71954
2.71954
2.71954
2.71954
2.71954
2.71954
2.71954
2.71954
2.71954
2.71954
2.71954
2.71954
2.71954
2.71954
2.71954
2.71954
2.71954
2.71954
2.71954
2.71954
2.71954
2.71954
2.71954
2.71954
2.71954
2.71954
2.71954
2.71954
2.71954
2.71954
2.71954
2.71954
2.71954
2.71954
2.71954
2.71954
2.71954
2.71954
2.71954
2.71954
2.71954
2.71954
2.71954
2.71954
2.71954
2.71954
2.71954
2.71954
2.71954
2.71954
2.71954
2.71954
2.71954
2.71954
2.71954
2.71954
2.71954
2.71954
2.71954
2.71954
2.71954
2.71954
2.71954
2.71954
2.71954
2.71954
2.71954
2.71954
2.71954
2.71954
2.71954
2.71954
2.71954
2.71954
2.71954
2.71954
2.71954
2.71954
2.71954
2.71954
2.71954
2.71954
2.71954
2.71954
2.71954
2.71954
2.71954
2.71954
2.71954
2.71954
2.71954
2.71954
2.71954
2.71954
2.71954
2.71954
2.71954
2.71954
2.71954
2.71954
2.71954
2.71954
2.71954
2.71954
2.71954
2.71954
2.71954
2.71954
2.71954
2.71954
2.71954
2.71954
2.71954
2.71954
2.71954
2.71954
2.71954
2.71954
2.71954
2.71954
2.71954
2.71954
2.71954
2.71954
2.71954
2.71954
2.71954
2.71954
2.71954
2.71954
2.71954
2.71954
2.71954
2.71954
2.71954
2.71954
2.71954
2.71954
2.71954
2.71954
2.71954
2.71954
2.71954
2.71954
2.71954
2.71954
2.71954
2.71954
2.71954
2.71954
2.71954
2.71954
2.71954
2.71954
2.71954
2.71954
2.71954
2.71954
2.71954
2.71954
2.71954
2.71954
2.71954
2.71954
2.71954
2.71954
2.71954
2.71954
2.71954
2.71954
2.71954
2.71954
2.71954
2.71954
2.71954
2.71954
2.71954
2.71954
2.71954
2.71954
2.71954
2.71954
2.71954
2.71954
2.71954
2.71954
2.71954
2.71954
2.71954
2.71954
2.71954
2.71954
2.71954
2.71954
2.71954
2.71954
2.71954
2.71954
2.71954
2.71954
2.71954
2.71954
2.71954
2.71954
2.71954
2.71954
2.71954
2.71954
2.71954
2.71954
2.71954
2.71954
2.71954
2.71954
2.71954
2.71954
2.71954
2.71954
2.71954
2.71954
2.71954
2.71954
2.71954
2.71954
2.71954
2.71954
2.71954
2.71954
2.71954
2.71954
2.71954
2.71954
2.71954
2.71954
2.71954
2.71954
2.71954
2.71954
2.71954
2.71954
2.71954
2.71954
2.71954
2.71954
2.71954
2.71954
2.71954
2.71954
2.71954
2.71954
2.71954
2.71954
2.71954
2.71954
2.71954
2.71954
2.71954
2.71954
2.71954
2.71954
2.71954
2.71954
2.71954
2.71954
2.71954
2.71954
2.71954
2.71954
2.71954
2.71954
2.71954
2.71954
2.71954
2.71954
2.71954
2.71954
2.71954
2.71954
2.71954
2.71954
2.71954
2.71954
2.71954
2.71954
2.71954
2.71954
2.71954
2.71954
2.71954
2.71954
2.71954
2.71954
2.71954
2.71954
2.71954
2.71954
2.71954
2.71954
2.71954
2.71954
2.71954
2.71954
2.71954
2.71954
2.71954
2.71954
2.71954
2.71954
2.71954
2.71954
2.71954
2.71954
2.71954
2.71954
2.71954
2.71954
2.71954
2.71954
2.71954
2.71954
2.71954
2.71954
2.71954
2.71954
2.71954
2.71954
2.71954
2.71954
2.71954
2.71954
2.71954
2.71954
2.71954
2.71954
2.71954
2.71954
2.71954
2.71954
2.71954
2.71954
2.71954
2.71954
2.71954
2.71954
2.71954
2.71954
2.71954
2.71954
2.71954
2.71954
2.71954
2.71954
2.71954
2.71954
2.71954
2.71954
2.71954
2.71954
2.71954
2.71954
2.71954
2.71954
2.71954
2.71954
2.71954
2.71954
2.71954
2.71954
2.71954
2.71954
2.71954
2.71954
2.71954
2.71954
2.71954
2.71954
2.71954
2.71954
2.71954
2.71954
2.71954
2.71954
2.71954
2.71954
2.71954
2.71954
2.71954
2.71954
2.71954
2.71954
2.71954
2.71954
2.71954
2.71954
2.71954
2.71954
2.71954
2.71954
2.71954
2.71954
2.71954
2.71954
2.71954
2.71954
2.71954
2.71954
2.71954
2.71954
2.71954
2.71954
2.71954
2.71954
2.71954
2.71954
2.71954
2.71954
2.71954
2.71954
2.71954
2.71954
2.71954
2.71954
2.71954
2.71954
2.71954
2.71954
2.71954
2.71954
2.71954
2.71954
2.71954
2.71954
2.71954
2.71954
2.71954
2.71954
2.71954
2.71954
2.71954
2.71954
2.71954
2.71954
2.71954
2.71954
2.71954
2.71954
2.71954
2.71954
2.71954
2.71954
2.71954
2.71954
2.71954
2.71954
2.71954
2.71954
2.71954
2.71954
2.71954
2.71954
2.71954
2.71954
2.71954
2.71954
2.71954
2.71954
2.71954
2.71954
2.71954
2.71954
2.71954
2.71954
2.71954
2.71954
2.71954
2.71954
2.71954
2.71954
2.71954
2.71954
2.71954
2.71954
2.71954
2.71954
2.71954
2.71954
2.71954
2.71954
2.71954
2.71954
2.71954
2.71954
2.71954
2.71954
2.71954
2.71954
2.71954
2.71954
2.71954
2.71954
2.71954
2.71954
2.71954
2.71954
2.71954
2.71954
2.71954
2.71954
2.71954
2.71954
2.71954
2.71954
2.71954
2.71954
2.71954
2.71954
2.71954
2.71954
2.71954
2.71954
2.71954
2.71954
2.71954
2.71954
2.71954
2.71954
2.71954
2.71954
2.71954
2.71954
2.71954
2.71954
2.71954
2.71954
2.71954
2.71954
2.71954
2.71954
2.71954
2.71954
2.71954
2.71954
2.71954
2.71954
2.71954
2.71954
2.71954
2.71954
2.71954
2.71954
2.71954
2.71954
2.71954
2.71954
2.71954
2.71954
2.71954
2.71954
2.71954
2.71954
2.71954
2.71954
2.71954
2.71954
2.71954
2.71954
2.71954
2.71954
2.71954
2.71954
2.71954
2.71954
2.71954
2.71954
2.71954
2.71954
2.71954
2.71954
2.71954
2.71954
2.71954
2.71954
2.71954
2.71954
2.71954
2.71954
2.71954
2.71954
2.71954
2.71954
2.71954
2.71954
2.71954
2.71954
2.71954
2.71954
2.71954
2.71954
2.71954
2.71954
2.71954
2.71954
2.71954
2.71954
2.71954
2.71954
2.71954
2.71954
2.71954
2.71954
2.71954
2.71954
2.71954
2.71954
2.71954
2.71954
2.71954
2.71954
2.71954
2.71954
2.71954
2.71954
2.71954
2.71954
2.71954
2.71954
2.71954
2.71954
2.71954
2.71954
2.71954
2.71954
2.71954
2.71954
2.71954
2.71954
2.71954
2.71954
2.71954
2.71954
2.71954
2.71954
2.71954
2.71954
2.71954
2.71954
2.71954
2.71954
2.71954
2.71954
2.71954
2.71954
2.71954
2.71954
2.71954
2.71954
2.71954
2.71954
2.71954
2.71954
2.71954
2.71954
2.71954
2.71954
2.71954
2.71954
2.71954
2.71954
2.71954
2.71954
2.71954
2.71954
2.71954
2.71954
2.71954
2.71954
2.71954
2.71954
2.71954
2.71954
2.71954
2.71954
2.71954
2.71954
2.71954
2.71954
2.71954
2.71954
2.71954
2.71954
2.71954
2.71954
2.71954
2.71954
2.71954
2.71954
2.71954
2.71954
2.71954
2.71954
2.71954
2.71954
2.71954
2.71954
2.71954
2.71954
2.71954
2.71954
2.71954
2.71954
2.71954
2.71954
2.71954
2.71954
2.71954
2.71954
2.71954
2.71954
2.71954
2.71954
2.71954
2.71954
2.71954
2.71954
2.71954
2.71954
2.71954
2.71954
2.71954
2.71954
2.71954
2.71954
2.71954
2.71954
2.71954
2.71954
2.71954
2.71954
2.71954
2.71954
2.71954
2.71954
2.71954
2.71954
2.71954
2.71954
2.71954
2.71954
2.71954
2.71954
2.71954
2.71954
2.71954
2.71954
2.71954
2.71954
2.71954
2.71954
2.71954
2.71954
2.71954
2.71954
2.71954
2.71954
2.71954
2.71954
2.71954
2.71954
2.71954
2.71954
2.71954
2.71954
2.71954
2.71954
2.71954
2.71954
2.71954
2.71954
2.71954
2.71954
2.71954
2.71954
2.71954
2.71954
2.71954
2.71954
2.71954
2.71954
2.71954
2.71954
2.71954
2.71954
2.71954
2.71954
2.71954
2.71954
2.71954
2.71954
2.71954
2.71954
2.71954
2.71954
2.71954
2.71954
2.71954
2.71954
2.71954
2.71954
2.71954
2.71954
2.71954
2.71954
2.71954
2.71954
2.71954
2.71954
2.71954
2.71954
2.71954
2.71954
2.71954
2.71954
2.71954
2.71954
2.71954
2.71954
2.71954
2.71954
2.71954
2.71954
2.71954
2.71954
2.71954
2.71954
2.71954
2.71954
2.71954
2.71954
2.71954
2.71954
2.71954
2.71954
2.71954
2.71954
2.71954
2.71954
2.71954
2.71954
2.71954
2.71954
2.71954
2.71954
2.71954
2.71954
2.71954
2.71954
2.71954
2.71954
2.71954
2.71954
2.71954
2.71954
2.71954
2.71954
2.71954
2.71954
2.71954
2.71954
2.71954
2.71954
2.71954
2.71954
2.71954
2.71954
2.71954
2.71954
2.71954
2.71954
2.71954
2.71954
2.71954
2.71954
2.71954
2.71954
2.71954
2.71954
2.71954
2.71954
2.71954
2.71954
2.71954
2.71954
2.71954
2.71954
2.71954
2.71954
2.71954
2.71954
2.71954
2.71954
2.71954
2.71954
2.71954
2.71954
2.71954
2.71954
2.71954
2.71954
2.71954
2.71954
2.71954
2.71954
2.71954
2.71954
2.71954
2.71954
2.71954
2.71954
2.71954
2.71954
2.71954
2.71954
2.71954
2.71954
2.71954
2.71954
2.71954
2.71954
2.71954
2.71954
2.71954
2.71954
2.71954
2.71954
2.71954
2.71954
2.71954
2.71954
2.71954
2.71954
2.71954
2.71954
2.71954
2.71954
2.71954
2.71954
2.71954
2.71954
2.71954
2.71954
2.71954
2.71954
2.71954
2.71954
2.71954
2.71954
2.71954
2.71954
2.71954
2.71954
2.71954
2.71954
2.71954
2.71954
2.71954
2.71954
2.71954
2.71954
2.71954
2.71954
2.71954
2.71954
2.71954
2.71954
2.71954
2.71954
2.71954
2.71954
2.71954
2.71954
2.71954
2.71954
2.71954
2.71954
2.71954
2.71954
2.71954
